image: map.pgm
resolution: 0.025000
origin: [-5.874036, -12.998919, 0.000000]
negate: 0
occupied_thresh: 0.65
free_thresh: 0.196

